       46.9675  0.100000E-23
       47.7378  0.100000E-23
       48.5338  0.100000E-23
       49.4030  0.100000E-23
       50.3039  0.100000E-23
       51.2913  0.100000E-23
       52.3182  0.100000E-23
       53.8520  0.100000E-23
       55.4784  0.100000E-23
       56.3905  0.100000E-23
       57.3330  0.100000E-23
       58.5527  0.100000E-23
       59.8254  0.100000E-23
       60.9742  0.100000E-23
       62.1681  0.100000E-23
       64.4176  0.100000E-23
       66.8360  0.100000E-23
       70.1483  0.100000E-23
       73.8061  0.100000E-23
       76.0864  0.100000E-23
       78.5121  0.100000E-23
       80.2421  0.100000E-23
       82.0501  0.100000E-23
       83.3070  0.100000E-23
       84.6030  0.100000E-23
       85.8210  0.100000E-23
       87.0746  0.100000E-23
       88.4031  0.100000E-23
       90.9000  0.100000E-23
       93.5000  0.100000E-23
       96.1000  0.100000E-23
       97.7000  0.100000E-23
       99.6000  0.100000E-23
      102.0000  0.100000E-23
      103.8000  0.100000E-23
      105.6000  0.100000E-23
      107.7000  0.100000E-23
      110.4000  0.100000E-23
      114.0000  0.100000E-23
      117.8000  0.100000E-23
      121.3000  0.100000E-23
      124.8000  0.100000E-23
      127.1000  0.100000E-23
      128.4000  0.100000E-23
      130.5000  0.100000E-23
      132.4000  0.100000E-23
      133.9000  0.100000E-23
      136.6000  0.100000E-23
      139.8000  0.100000E-23
      143.3000  0.100000E-23
      147.2000  0.100000E-23
      151.0000  0.100000E-23
      155.2000  0.100000E-23
      158.8000  0.100000E-23
      162.0000  0.100000E-23
      166.0000  0.100000E-23
      170.3000  0.100000E-23
      173.4000  0.100000E-23
      176.8000  0.100000E-23
      180.2000  0.100000E-23
      181.7000  0.100000E-23
      186.1000  0.100000E-23
      191.0000  0.100000E-23
      193.9000  0.100000E-23
      198.4000  0.100000E-23
      201.8000  0.100000E-23
      205.0000  0.100000E-23
      210.5000  0.100000E-23
      216.2000  0.100000E-23
      219.8000  0.100000E-23
      223.0000  0.100000E-23
      226.8000  0.100000E-23
      230.0000  0.100000E-23
      234.0000  0.100000E-23
      240.0000  0.100000E-23
      246.5000  0.100000E-23
      252.4000  0.100000E-23
      256.8000  0.100000E-23
      260.0000  0.100000E-23
      264.0000  0.100000E-23
      268.5000  0.100000E-23
      273.5000  0.100000E-23
      278.5000  0.100000E-23
      284.0000  0.100000E-23
      290.0000  0.100000E-23
      296.0000  0.100000E-23
      301.0000  0.100000E-23
      308.0000  0.100000E-23
      318.0000  0.100000E-23
      328.0000  0.100000E-23
      338.0000  0.100000E-23
      348.0000  0.100000E-23
      357.0000  0.100000E-23
      366.0000  0.100000E-23
      375.0000  0.100000E-23
      385.0000  0.100000E-23
      395.0000  0.100000E-23
      405.0000  0.100000E-23
      414.0000  0.100000E-23
      422.0000  0.100000E-23
      430.0000  0.100000E-23
      441.0000  0.100000E-23
      451.0000  0.100000E-23
      460.0000  0.100000E-23
      470.0000  0.100000E-23
      480.0000  0.100000E-23
      490.0000  0.100000E-23
      500.0000  0.100000E-23
      506.0000  0.698972E-14
      512.0000  0.142547E-13
      520.0000  0.347960E-13
      530.0000  0.102188E-12
      540.0000  0.287922E-12
      550.0000  0.782142E-12
      560.0000  0.204943E-11
      570.0000  0.519085E-11
      580.0000  0.127197E-10
      590.0000  0.302715E-10
      600.0000  0.699076E-10
      610.0000  0.156990E-09
      620.0000  0.343262E-09
      630.0000  0.731705E-09
      640.0000  0.152228E-08
      650.0000  0.309436E-08
      658.0001  0.537116E-08
      665.0000  0.860416E-08
      675.0000  0.165749E-07
      685.0000  0.313010E-07
      695.0000  0.579932E-07
      705.0000  0.105502E-06
      716.0000  0.199706E-06
      726.0000  0.350487E-06
      735.0000  0.573556E-06
      745.0000  0.976943E-06
      755.0000  0.163956E-05
      765.0000  0.271257E-05
      775.0000  0.442674E-05
      785.0000  0.712959E-05
      795.0000  0.113367E-04
      805.0000  0.178096E-04
      815.0000  0.276502E-04
      825.0000  0.424445E-04
      835.0000  0.644449E-04
      845.0000  0.968279E-04
      855.0000  0.144009E-03
      865.0000  0.212083E-03
      875.0000  0.309405E-03
      885.0000  0.447281E-03
      895.0000  0.640892E-03
      905.0000  0.910565E-03
      915.0000  0.161509E+00
      933.3397  0.646510E+00
      956.0075  0.133075E+01
     1009.3137  0.472951E+01
     1068.9153  0.163804E+02
     1084.8135  0.222909E+02
     1101.1917  0.661142E+02
     1147.0321  0.217654E+03
     1196.8551  0.897513E+02
     1248.6825  0.484477E+03
     1305.2019  0.272020E+04
     1370.1014  0.144261E+05
     1441.7927  0.121323E+06
     1502.9597  0.518255E+06
     1569.5465  0.108238E+07
     1642.3070  0.211974E+07
     1722.1415  0.326980E+07
     1810.1340  0.728237E+07
     1907.6028  0.700104E+07
     1999.9061  0.777824E+07
     2101.5962  0.814668E+07
     2214.1819  0.724067E+07
     2339.5127  0.567294E+07
     2455.3301  0.763827E+07
     2583.2119  0.778436E+07
     2695.5256  0.897593E+07
     2818.0496  0.987772E+07
     2952.2424  0.104828E+08
     3099.8545  0.114337E+08
     3179.3379  0.114300E+08
     3263.0049  0.117029E+08
     3351.1941  0.118125E+08
     3444.2830  0.123238E+08
     3492.7939  0.121856E+08
     3542.6909  0.126759E+08
     3594.0342  0.124926E+08
     3646.8875  0.124183E+08
     3936.3230  0.503911E+08
     4275.6611  0.479604E+08
     4679.0254  0.405970E+08
     5166.4238  0.319157E+08
     5510.8525  0.276777E+08
     5904.4849  0.232212E+08
     6199.7090  0.204651E+08
     6526.0098  0.177092E+08
     6888.5659  0.153964E+08
     7293.7749  0.131254E+08
     7514.7988  0.120686E+08
     7749.6362  0.110784E+08
     7973.9023  0.102094E+08
     8211.5352  0.943060E+07
     8825.2090  0.953493E+07
     9538.0146  0.698344E+07
    10332.8477  0.580466E+07
    11272.1982  0.435378E+07
    12096.9932  0.346204E+07
    13052.0195  0.268695E+07
    13777.1318  0.223697E+07
    14587.5498  0.184182E+07
    16643.5137  0.123749E+07
    19374.0918  0.710512E+06
    20944.9629  0.539641E+06
    22793.0469  0.396230E+06
    25202.0684  0.274478E+06
    28180.4961  0.184307E+06
    30316.4238  0.137686E+06
    32802.6953  0.103056E+06
    37803.1016  0.613484E+05
    44602.2227  0.326663E+05
    50506.7930  0.202837E+05
    58213.2305  0.117070E+05
    65088.8047  0.760492E+04
    73806.0625  0.465713E+04
    81575.1172  0.315012E+04
    91172.1875  0.203727E+04
